function [P,S,F,WC] = Data
% number of high, middle and low class population
P=[200000 270000 270000 180000]';
% salary of each type of worker
S=[300000 200000 135000 90000 72000 45000]';
% avg extra requirements from each type of occupant at each house
F=[1000 400 300 150]';
% working capacity
WC=[1350 1080 900 2700 1800 900]';